%YAML:1.0
---
cameraMatrix: !!opencv-matrix
   rows: 3
   cols: 3
   dt: d
   data: [ 9.7123539036891598e+03, 0., 9.1623115951258558e+02, 0.,
       8.0362381631559674e+03, 3.8976935525728641e+02, 0., 0., 1. ]
distortionCoefficients: !!opencv-matrix
   rows: 1
   cols: 5
   dt: d
   data: [ 1.0935121038738920e+01, -1.2515081599565153e+02,
       4.2719733815930022e-01, 5.8809714340106067e-01,
       5.6423909153209831e+02 ]
rotation: !!opencv-matrix
   rows: 3
   cols: 3
   dt: d
   data: [ 1., 0., 0., 0., 1., 0., 0., 0., 1. ]
projection: !!opencv-matrix
   rows: 4
   cols: 4
   dt: d
   data: [ 9.7123539036891598e+03, 0., 9.1623115951258558e+02, 0., 0.,
       8.0362381631559674e+03, 3.8976935525728641e+02, 0., 0., 0., 1.,
       0., 0., 0., 0., 1. ]
