%YAML:1.0
---
depthShift: -7.1067454623325219e+01
