%YAML:1.0
---
rotation: !!opencv-matrix
   rows: 3
   cols: 3
   dt: d
   data: [ 9.3681034414455344e-01, 4.5189189232839655e-02,
       3.4690678327216684e-01, 3.3480499542320186e-02,
       9.7548963612959616e-01, -2.1748339236397990e-01,
       -3.4823186995759048e-01, 2.1535530404479647e-01,
       9.1233582510258426e-01 ]
translation: !!opencv-matrix
   rows: 3
   cols: 1
   dt: d
   data: [ -3.0735903896713895e-01, 5.3387468269750687e-02,
       2.7598372655912744e+00 ]
essential: !!opencv-matrix
   rows: 3
   cols: 3
   dt: d
   data: [ -1.1099194821538366e-01, -2.6806953755271179e+00,
       6.4892607080734155e-01, 2.4784118856736304e+00,
       1.9090620773433151e-01, 1.2378209305797438e+00,
       -6.0304466686258842e-02, -3.0223809348950076e-01,
       4.8325011583801980e-02 ]
fundamental: !!opencv-matrix
   rows: 3
   cols: 3
   dt: d
   data: [ -3.9868392246362757e-07, -9.6343455001377730e-06,
       2.9538284872498463e-03, 1.0759260707778023e-05,
       8.2921376370981233e-07, -9.3792193004029389e-04,
       -5.9321763069690760e-03, -2.0458172017688149e-03, 1. ]
homography: !!opencv-matrix
   rows: 3
   cols: 3
   dt: d
   data: [ 0.49862, -0.00101418,
       90.9877, 0.00381218,
       0.431597, 84.3913,
       4.69898e-05, -2.27257e-05, 1. ]
      

