%YAML:1.0
---
cameraMatrix: !!opencv-matrix
   rows: 3
   cols: 3
   dt: d
   data: [ 3.6305404709457991e+02, 0., 2.5244324459093738e+02, 0.,
       3.6285555720613098e+02, 2.0830927675067454e+02, 0., 0., 1. ]
distortionCoefficients: !!opencv-matrix
   rows: 1
   cols: 5
   dt: d
   data: [ 1.0882925959626844e-01, -3.0775382516104111e-01,
       7.3659948099661634e-04, -8.5074282436168290e-04,
       1.2636276086029999e-01 ]
rotation: !!opencv-matrix
   rows: 3
   cols: 3
   dt: d
   data: [ 1., 0., 0., 0., 1., 0., 0., 0., 1. ]
projection: !!opencv-matrix
   rows: 4
   cols: 4
   dt: d
   data: [ 3.6305404709457991e+02, 0., 2.5244324459093738e+02, 0., 0.,
       3.6285555720613098e+02, 2.0830927675067454e+02, 0., 0., 0., 1.,
       0., 0., 0., 0., 1. ]
